a= 3

a =

     3

rates

rates =

    0.4939    0.0573    0.6344    0.4609    0.0483    0.6562
    0.5512    0.0893    0.5551    0.4228    0.0483    0.6368

diary off 
